Inf
0.2528759
0.3347322
0.163171
0.09726537
0.06717654
0.05211464
0.04148139
0.03961948
0.03822171
0.0381464
0.3867542
0.343487
0.2264284
0.1973443
0.1394784
0.1085297
0.0889435
0.07502747
0.06095072
0.05472481
0.04812633
0.04426409
0.03950853
0.0351212
0.03143591
0.02833163
0.02569486
0.0234344
0.02147946
0.01977532
0.01827925
0.01695755
0.01578326
0.01473457
0.01379367
0.01294588
0.01217897
0.0114827
0.01084844
0.01026885
0.009737677
0.009249544
0.008799815
0.008384472
0.00800002
0.007643401
0.007311935
0.007003261
0.006715293
0.006446181
0.006194282
0.00595813
0.005736414
0.005527959
0.005331708
0.005146709
0.004972103
0.004807112
0.00465103
0.004503216
0.004363086
0.004230107
0.004103793
0.003983698
0.003869413
0.003760564
0.003656805
0.003557819
0.003463312
0.003373013
0.003286673
0.003204058
0.003124955
0.003049163
0.002976497
0.002906784
0.002839863
0.002775585
0.00271381
0.002654407
0.002597253
0.002542235
0.002489245
0.002438182
0.002388953
0.002341468
0.002295645
0.002251405
0.002208674
0.002167383
0.002127466
0.002088861
0.002051511
0.002015359
0.001980355
0.001946448
0.001913591
0.001881741
0.001850856
0.001820896
0.001791823
0.001763601
0.001736196
0.001709577
0.001683712
0.001658572
0.001634129
0.001610357
0.00158723
0.001564725
0.001542818
0.001521488
0.001500713
0.001480474
0.001460752
0.001441528
0.001422784
0.001404506
0.001386675
0.001369277
0.001352298
0.001335724
0.00131954
0.001303734
0.001288294
0.001273208
0.001258465
0.001244054
0.001229963
0.001216184
0.001202706
0.001189521
0.001176619
0.001163991
0.00115163
0.001139527
0.001127676
0.001116067
0.001104695
0.001093553
0.001082633
0.00107193
0.001061437
0.001051149
0.00104106
0.001031164
0.001021456
0.001011931
0.001002584
0.0009934099
0.0009844045
0.0009755631
0.0009668815
0.0009583555
0.0009499811
0.0009417543
0.0009336714
0.0009257287
0.0009179227
0.00091025
0.0009027073
0.0008952913
0.000887999
0.0008808273
0.0008737733
0.0008668342
0.0008600073
0.0008532899
0.0008466794
0.0008401733
0.0008337693
0.0008274648
0.0008212578
0.0008151458
0.0008091269
0.0008031989
0.0007973597
0.0007916075
0.0007859402
0.0007803561
0.0007748533
0.0007694301
0.0007640847
0.0007588155
0.0007536209
0.0007484993
0.0007434492
0.0007384691
0.0007335576
0.0007287131
0.0007239345
0.0007192203
0.0007145693
0.0007099801
0.0007054515
0.0007009824
0.0006965716
0.000692218
0.0006879203
0.0006836776
0.0006794888
0.0006753529
0.0006712688
0.0006672356
0.0006632524
0.0006593181
0.000655432
0.000651593
0.0006478005
0.0006440534
0.000640351
0.0006366925
0.0006330771
0.0006295041
0.0006259726
0.000622482
0.0006190316
0.0006156206
0.0006122483
0.0006089142
0.0006056176
0.0006023577
0.0005991341
0.0005959461
0.0005927931
0.0005896745
0.0005865897
0.0005835383
0.0005805197
0.0005775332
0.0005745785
0.0005716551
0.0005687623
0.0005658997
0.0005630669
0.0005602634
0.0005574887
0.0005547424
0.0005520241
0.0005493332
0.0005466695
0.0005440325
0.0005414217
0.0005388369
0.0005362775
0.0005337433
0.0005312339
0.0005287488
0.0005262878
0.0005238505
0.0005214366
0.0005190457
0.0005166774
0.0005143316
0.0005120078
0.0005097057
0.0005074251
0.0005051656
0.000502927
0.0005007089
0.0004985111
0.0004963333
0.0004941753
0.0004920367
0.0004899174
0.000487817
0.0004857353
0.000483672
0.000481627
0.0004796
0.0004775907
0.0004755989
0.0004736244
0.0004716669
0.0004697264
0.0004678024
0.0004658949
0.0004640036
0.0004621283
0.0004602689
0.0004584251
0.0004565967
0.0004547835
0.0004529855
0.0004512022
0.0004494337
0.0004476797
0.0004459401
0.0004442146
0.0004425032
0.0004408056
0.0004391217
0.0004374513
0.0004357943
0.0004341504
0.0004325197
0.0004309019
0.0004292968
0.0004277044
0.0004261244
0.0004245568
0.0004230014
0.000421458
0.0004199266
0.000418407
0.0004168991
0.0004154027
0.0004139177
0.000412444
0.0004109816
0.0004095301
0.0004080897
0.00040666
0.0004052411
0.0004038327
0.0004024349
0.0004010474
0.0003996702
0.0003983032
0.0003969462
0.0003955992
0.0003942621
0.0003929347
0.000391617
0.0003903089
0.0003890102
0.0003877209
0.0003864409
0.0003851701
0.0003839084
0.0003826557
0.000381412
0.0003801771
0.0003789509
0.0003777335
0.0003765246
0.0003753242
0.0003741323
0.0003729488
0.0003717735
0.0003706064
0.0003694475
0.0003682966
0.0003671537
0.0003660186
0.0003648915
0.0003637721
0.0003626604
0.0003615563
0.0003604598
0.0003593708
0.0003582892
0.000357215
0.0003561481
0.0003550884
0.0003540359
0.0003529905
0.0003519522
0.0003509209
0.0003498965
0.000348879
0.0003478683
0.0003468644
0.0003458673
0.0003448767
0.0003438928
0.0003429154
0.0003419446
0.0003409802
0.0003400221
0.0003390705
0.0003381251
0.000337186
0.0003362531
0.0003353263
0.0003344056
0.000333491
0.0003325825
0.0003316799
0.0003307832
0.0003298924
0.0003290074
0.0003281283
0.0003272549
0.0003263872
0.0003255252
0.0003246689
0.0003238181
0.0003229729
0.0003221332
0.000321299
0.0003204702
0.0003196469
0.0003188289
0.0003180162
0.0003172089
0.0003164068
0.00031561
0.0003148183
0.0003140318
0.0003132505
0.0003124743
0.0003117031
0.000310937
0.0003101758
0.0003094197
0.0003086685
0.0003079223
0.0003071809
0.0003064444
0.0003057127
0.0003049859
0.0003042638
0.0003035465
0.000302834
0.0003021261
0.0003014229
0.0003007244
0.0003000305
0.0002993413
0.0002986566
0.0002979765
0.0002973009
0.0002966299
0.0002959633
0.0002953013
0.0002946437
0.0002939906
0.0002933418
0.0002926975
0.0002920576
0.0002914221
0.0002907909
0.000290164
0.0002895414
0.0002889232
0.0002883092
0.0002876996
0.0002870941
0.000286493
0.000285896
0.0002853033
0.0002847147
0.0002841304
0.0002835503
0.0002829743
0.0002824024
0.0002818348
0.0002812712
0.0002807118
0.0002801565
0.0002796054
0.0002790583
0.0002785153
0.0002779764
0.0002774416
0.0002769109
0.0002763843
0.0002758617
0.0002753432
0.0002748287
0.0002743184
0.000273812
0.0002733098
0.0002728115
0.0002723174
0.0002718273
0.0002713412
0.0002708592
0.0002703812
0.0002699074
0.0002694375
0.0002689718
0.0002685101
0.0002680525
0.000267599
0.0002671496
0.0002667043
0.0002662631
0.000265826
0.000265393
0.0002649642
0.0002645395
0.000264119
0.0002637027
0.0002632906
0.0002628827
0.000262479
0.0002620795
0.0002616843
0.0002612934
0.0002609068
0.0002605246
0.0002601466
0.0002597731
0.0002594039
0.0002590392
0.0002586789
0.0002583231
0.0002579719
0.0002576251
0.000257283
0.0002569455
0.0002566126
0.0002562844
0.000255961
0.0002556423
0.0002553284
0.0002550195
0.0002547154
0.0002544163
0.0002541222
0.0002538332
0.0002535493
0.0002532706
0.0002529972
0.0002527291
0.0002524663
0.0002522091
0.0002519573
0.0002517111
0.0002514707
0.000251236
0.0002510071
0.0002507842
0.0002505673
0.0002503566
0.000250152
0.0002499539
0.0002497621
0.000249577
0.0002493985
0.0002492269
0.0002490622
0.0002489046
0.0002487542
0.0002486112
0.0002484758
0.000248348
0.0002482281
0.0002481163
0.0002480127
0.0002479176
0.0002478311
0.0002477535
0.000247685
0.0002476259
0.0002475763
0.0002475366
0.000247507
0.0002474879
0.0002474795
0.0002474822
0.0002474962
0.0002475221
0.0002475601
0.0002476106
0.0002476741
0.0002477511
0.000247842
0.0002479472
0.0002480675
0.0002482032
0.0002483551
0.0002485238
0.0002487099
0.0002489142
0.0002491375
0.0002493806
0.0002496444
0.0002499298
0.000250238
0.0002505699
0.0002509267
0.0002513098
0.0002517205
0.0002521603
0.0002526308
0.0002531338
0.000253671
0.0002542447
0.000254857
0.0002555104
0.0002562075
0.0002569514
0.0002577452
0.0002585925
0.0002594973
0.0002604807
0.000261763
0.000262602
0.0002690267
0.0002678262
0.000273071
0.0002790339
0.0002851599
0.0002915715
0.0002984026
0.0003057513
0.0003137037
0.0003223517
0.0003318048
0.0003421978
0.0003537007
0.000366531
0.0003809703
0.00039739
0.0004162873
0.0004383419
0.0004645025
0.0008543205
0.0008043936
0.0008806037
0.0009980104
0.001152545
0.001364745
0.001678603
0.001341529
0.0004447892
0.0003722829
0.0003776669
0.0003902139
0.0003983237
0.0004021762
0.0004034115
0.0004032068
0.0004022263
0.0004008185
0.0003991639
0.0003973591
0.0003954598
0.0003935025
0.0003915154
0.0003895239
0.0003875533
0.0003856306
0.0003837858
0.0003820527
0.0003804704
0.0005381222
0.0003395932
0.0003933538
0.0003974749
0.0003967768
0.0003969457
0.0003986425
0.0004021485
0.0004079477
0.0004169084
0.0004305616
0.0005651045
0.0004258613
0.0005485419
0.0006738128
0.000949175
0.001100936
0.000391045
0.0002368441
0.0002238178
0.0002180398
0.0002132944
0.0002089796
0.0002050091
0.000201362
0.000198025
0.0001949834
0.0001922207
0.0001897187
0.0001874581
0.0001854197
0.0001835842
0.0001819332
0.000180449
0.0001791149
0.0001779156
0.0001768369
0.000175012
0.0001751696
0.0001731121
0.0001734269
0.0001725145
0.0001713026
0.0001714963
0.0001701611
0.0001704224
0.0001692074
0.0001695212
0.0001684069
0.0001687476
0.0001677179
0.0001680681
0.0001671108
0.0001674587
0.0001665638
0.0001669023
0.0001660611
0.0001663862
0.0001655909
0.0001659014
0.0001651445
0.000165441
0.0001647155
0.0001650001
0.000164299
0.000164575
0.0001638913
0.0001641628
0.0001634897
0.0001637614
0.0001630922
0.0001633692
0.000162697
0.0001629847
0.0001623031
0.0001626069
0.0001619094
0.0001622349
0.0001622212
0.000161609
0.000161747
0.0001611706
0.0001613769
0.0001607553
0.0001610177
0.0001610235
0.0001604241
0.0001605598
0.0001599694
0.0001602001
0.0001602144
0.0001596071
0.0001597563
0.0001597699
0.000159196
0.0001593124
0.0001593287
0.0001587615
0.0001588733
0.0001588919
0.0001583066
0.000158438
0.0001584583
0.0001583992
0.0001578446
0.0001579274
0.0001579447
0.0001578879
0.0001573223
0.0001574154
0.0001574313
0.0001573758
0.0001573105
0.0001572409
0.0001566967
0.0001567538
0.0001567614
0.0001567046
0.0001566393
0.0001565694
0.0001564972
0.0001564235
0.0001563488
0.0001562731
0.0001561965
0.0001561188
0.00015604
0.0001559601
0.0001558791
0.0001557969
0.0001557134
0.0001556288
0.000155543
0.000155456
0.0001553678
0.0001552785
0.0001551882
0.0001550968
0.0001550046
0.0001549117
0.0001548182
0.0001547242
0.00015463
0.0001545358
0.0001544421
0.000154349
0.0001542572
0.0001541672
0.0001540797
0.0001539956
0.000153916
0.0001538423
0.0001537763
0.0001537205
0.0001536781
0.0001536533
0.0001536523
0.0001536835
0.0001537594
0.0001538991
0.0001541326
0.0001545095
0.0001551175
0.0001561226
0.0001578718
0.0001611867
0.0001683822
0.0001860403
0.0002114311
0.0003740712
0.0006194343
0.0002168182
0.0001876497
0.0001713297
0.0001621761
0.0001568753
0.0001536332
0.0001515406
0.0001501412
0.0001492072
0.000148635
0.0001483987
0.0001485372
0.0001491637
0.0001505031
0.0001529714
0.000157339
0.0001650523
0.0001788481
0.0002037841
0.0002483049
0.0003227417
0.000428851
0.0005420341
0.0006198832
0.000646031
0.0006376873
0.0006154367
0.0005902697
0.0005663531
0.0005448293
0.000525745
0.0005088249
0.0004937443
0.0004802111
0.0004679828
0.0004568624
0.0004466905
0.0004373375
0.0004286968
0.0004206803
0.0004132143
0.0004062368
0.0003996951
0.0003935439
0.0003877446
0.0003822635
0.0003770713
0.0003721424
0.0003674541
0.0003629866
0.0003587222
0.0003546451
0.0003507413
0.000346998
0.0003434039
0.0003399487
0.0003366232
0.0003334188
0.000330328
0.0003273436
0.0003244594
0.0003216693
0.000318968
0.0003163505
0.0003138123
0.0003113491
0.0003089569
0.0003066322
0.0003043716
0.000302172
0.0003000304
0.0002979441
0.0002959105
0.0002939273
0.0002919922
0.0002901033
0.0002882584
0.0002864557
0.0002846936
0.0002829704
0.0002812845
0.0002796345
0.000278019
0.0002764368
0.0002748865
0.0002733671
0.0002718774
0.0002704164
0.000268983
0.0002675764
0.0002661957
0.0002648399
0.0002635083
0.0002622001
0.0002609146
0.000259651
0.0002584087
0.000257187
0.0002559853
0.0002548031
0.0002536397
0.0002524946
0.0002513673
0.0002502573
0.0002491641
0.0002480872
0.0002470263
0.0002459809
0.0002449506
0.0002439349
0.0002429336
0.0002419462
0.0002409724
0.0002400119
0.0002390643
0.0002381294
0.0002372067
0.0002362962
0.0002353973
0.0002345099
0.0002336338
0.0002327686
0.0002319141
0.00023107
0.0002302363
0.0002294125
0.0002285985
0.0002277942
0.0002269992
0.0002262134
0.0002254366
0.0002246686
0.0002239093
0.0002231584
0.0002224158
0.0002216813
0.0002209548
0.0002202361
0.0002195251
0.0002188216
0.0002181254
0.0002174365
0.0002167546
0.0002160798
0.0002154118
0.0002147504
0.0002140957
0.0002134475
0.0002128056
0.0002121699
0.0002115404
0.0002109169
0.0002102993
0.0002096876
0.0002090815
0.0002084811
0.0002078863
0.0002072968
0.0002067127
0.0002061339
0.0002055603
0.0002049917
0.0002044282
0.0002038696
0.0002033158
0.0002027668
0.0002022226
0.0002016829
0.0002011478
0.0002006172
0.000200091
0.0001995692
0.0001990517
0.0001985383
0.0001980292
0.0001975241
0.0001970231
0.000196526
0.0001960329
0.0001955436
0.0001950582
0.0001945765
0.0001940985
0.0001936242
0.0001931535
0.0001926863
0.0001922226
0.0001917624
0.0001913056
